01 548 152 840 602
02 564 210 888 638
03 512 160 1038 748
04 488 160 1024 730
05 354 156 1132 838
06 322 94 1252 932
07 344 64 1240 930
08 334 60 1248 952
j01 574 238 850 620
j02 572 180 902 634
j03 500 160 1024 744
j04 684 148 1028 762
j05 376 188 1108 810
j06 342 68 1252 918
j07 304 66 1246 928
j08 328 68 1240 916
z01 600 160 846 604
z02 552 180 892 636
z03 540 174 1042 748
z04 484 156 1022 750
z05 292 54 1202 890
z06 344 70 1252 930
z07 306 94 1242 916
z08 334 72 1246 930
09 332 92 1240 940
test 332 92 1240 940